image_width: 1280
image_height: 720
camera_name: camera
camera_matrix:
  rows: 3
  cols: 3
  data: [1283.632406084463, 0, 633.5571054743483, 0, 1279.606070037664, 358.5078555943834, 0, 0, 1]
distortion_model: plumb_bob
distortion_coefficients:
  rows: 1
  cols: 5
  data: [-0.2369815980576694, 0.1253979641250962, -0.002936724571565581, -0.001701791919584136, 0]
rectification_matrix:
  rows: 3
  cols: 3
  data: [1, 0, 0, 0, 1, 0, 0, 0, 1]
projection_matrix:
  rows: 3
  cols: 4
  data: [1211.093627929688, 0, 630.8204251795396, 0, 0, 1255.686401367188, 357.4901466535011, 0, 0, 0, 1, 0]